X1;n_eff;Rhat;mean;mcse;sd;2.5%;25%;50%;75%;97.5%
beta[1,1];218;1.0163;0.7329;0.0011;0.0156;0.7036;0.7224;0.7331;0.7431;0.7632
beta[1,2];143;1.0208;0.0935;0.0006;0.0071;0.0801;0.0888;0.0932;0.0981;0.1084
beta[1,3];332;1.0141;0.0784;0.0003;0.0059;0.0674;0.0741;0.0781;0.0825;0.0901
beta[1,4];1;296;1.004;0.0952;0.0002;0.0064;0.0825;0.091;0.0953;0.0993;0.1079
beta[2,1];91;1.0401;0.6988;0.0017;0.016;0.66;0.6889;0.699;0.7099;0.7274
beta[2,2];80;1.0398;0.1055;0.0008;0.0076;0.0921;0.1001;0.1048;0.1101;0.1261
beta[2,3];169;1.0269;0.0879;0.0005;0.0062;0.077;0.0835;0.0876;0.0919;0.1014
beta[2,4];440;1.0124;0.1079;0.0003;0.0063;0.0956;0.1034;0.1078;0.1126;0.1198
beta[3,1];362;1.0173;0.6546;0.0005;0.0094;0.6363;0.6482;0.6545;0.6614;0.6729
beta[3,2];207;1.0194;0.1218;0.0004;0.0054;0.1117;0.118;0.1216;0.1254;0.1331
beta[3,3];542;1.0113;0.0992;0.0002;0.0046;0.0906;0.096;0.0991;0.1022;0.1087
beta[3,4];1;174;1.0011;0.1243;0.0001;0.0049;0.1146;0.1211;0.1243;0.1274;0.1344
beta[4,1];390;1.0038;0.6482;0.0007;0.014;0.6167;0.6397;0.649;0.6577;0.674
beta[4,2];779;1.0079;0.124;0.0002;0.0064;0.1117;0.1198;0.1238;0.128;0.1369
beta[4,3];302;1.01;0.1017;0.0003;0.0057;0.0915;0.098;0.1012;0.105;0.1152
beta[4,4];309;1.0026;0.1261;0.0004;0.0066;0.1138;0.1215;0.1261;0.1304;0.1401
beta[5,1];666;1.0008;0.651;0.0007;0.0187;0.613;0.639;0.6522;0.6639;0.6864
beta[5,2];1;180;1.0041;0.1233;0.0002;0.0079;0.1088;0.1179;0.1229;0.1284;0.1397
beta[5,3];409;1.0055;0.1009;0.0003;0.0068;0.0885;0.0966;0.1002;0.1051;0.116
beta[5,4];307;1.0039;0.1247;0.0004;0.0078;0.1097;0.1197;0.1249;0.1299;0.1399
beta[6,1];875;1.0024;0.6532;0.0007;0.0207;0.6112;0.6399;0.6533;0.6673;0.6925
beta[6,2];1;494;1.0006;0.1226;0.0002;0.0086;0.1066;0.1169;0.122;0.1283;0.1406
beta[6,3];1;335;1.0009;0.1001;0.0002;0.007;0.0868;0.0953;0.1;0.1046;0.1147
beta[6,4];311;1.01;0.1241;0.0005;0.0084;0.1077;0.1185;0.1244;0.1298;0.1407
beta[7,1];347;1.0054;0.6554;0.0012;0.0223;0.6112;0.6399;0.6551;0.67;0.6972
beta[7,2];998;1.0013;0.122;0.0003;0.0089;0.1055;0.1157;0.1218;0.1276;0.1406
beta[7,3];539;1.0031;0.0993;0.0003;0.0074;0.0854;0.0941;0.0992;0.1044;0.1144
beta[7,4];193;1.0133;0.1233;0.0007;0.0091;0.1032;0.1175;0.1236;0.1296;0.14
beta[8,1];210;1.0168;0.6589;0.0015;0.0222;0.6141;0.6447;0.6579;0.6738;0.7026
beta[8,2];434;1.0114;0.1207;0.0004;0.009;0.1045;0.1146;0.1204;0.1264;0.1398
beta[8,3];1;029;1.006;0.0983;0.0002;0.0072;0.0848;0.0934;0.098;0.1029;0.1133
beta[8,4];118;1.0258;0.1221;0.0008;0.0091;0.1037;0.1161;0.1224;0.1285;0.1394
beta[9,1];183;1.0211;0.6613;0.0015;0.0204;0.6205;0.648;0.6607;0.6748;0.7001
beta[9,2];497;1.0114;0.1201;0.0004;0.0085;0.1048;0.1143;0.1196;0.1255;0.1377
beta[9,3];906;1.0089;0.0974;0.0002;0.0068;0.0847;0.0926;0.0973;0.1018;0.1117
beta[9,4];108;1.0317;0.1212;0.0008;0.0084;0.1032;0.1157;0.1215;0.127;0.1371
beta[10,1];312;1.0185;0.6622;0.0009;0.0161;0.6304;0.6518;0.6615;0.6725;0.6971
beta[10,2];456;1.0109;0.1205;0.0003;0.0071;0.1075;0.1156;0.1203;0.1252;0.135
beta[10,3];596;1.0095;0.0972;0.0002;0.0058;0.0864;0.0933;0.0971;0.1009;0.1089
beta[10,4];178;1.0215;0.1201;0.0005;0.0068;0.1058;0.1154;0.1203;0.1249;0.1331
beta[11,1];786;1.0057;0.6532;0.0006;0.0179;0.617;0.6419;0.6528;0.6648;0.6882
beta[11,2];580;1.0028;0.1236;0.0003;0.0078;0.1088;0.1183;0.1235;0.1285;0.1397
beta[11,3];2;002;1.0022;0.0991;0.0001;0.0061;0.0871;0.0952;0.0991;0.1029;0.112
beta[11,4];327;1.0141;0.1241;0.0004;0.0074;0.1096;0.1191;0.1242;0.1294;0.1386
beta[12,1];969;1.0041;0.6461;0.0006;0.0177;0.6096;0.6348;0.6466;0.6575;0.6789
beta[12,2];617;1.0017;0.1265;0.0003;0.0078;0.1124;0.121;0.1262;0.1314;0.143
beta[12,3];1;852;1.0028;0.1008;0.0001;0.0062;0.0891;0.0967;0.1006;0.1046;0.1138
beta[12,4];443;1.0103;0.1266;0.0003;0.0073;0.113;0.1215;0.1266;0.1315;0.1412
beta[13,1];878;1.0031;0.6381;0.0005;0.0142;0.6091;0.6287;0.6382;0.6485;0.6643
beta[13,2];364;1.0077;0.1303;0.0004;0.0072;0.1176;0.1251;0.1301;0.1352;0.145
beta[13,3];1;688;1.0031;0.102;0.0001;0.0054;0.0915;0.0987;0.1017;0.1055;0.1133
beta[13,4];771;1.0082;0.1296;0.0002;0.0063;0.1179;0.1254;0.1293;0.1337;0.1425
beta[14,1];233;1.0046;0.6431;0.0013;0.0192;0.6057;0.6308;0.6432;0.6552;0.6846
beta[14,2];382;1.0024;0.1284;0.0004;0.0083;0.1141;0.1223;0.1281;0.1338;0.1454
beta[14,3];264;1.0044;0.1008;0.0004;0.0067;0.0872;0.0966;0.1007;0.1054;0.114
beta[14,4];186;1.0128;0.1276;0.0006;0.0078;0.1095;0.1229;0.1278;0.1325;0.1429
beta[15,1];975;1.0008;0.6469;0.0006;0.0194;0.6071;0.634;0.6475;0.6606;0.6835
beta[15,2];737;1.0042;0.1269;0.0003;0.0085;0.1115;0.121;0.1268;0.1321;0.1449
beta[15,3];658;1.0017;0.0998;0.0003;0.0067;0.0874;0.0952;0.0994;0.1044;0.1136
beta[15,4];575;1.0052;0.1263;0.0003;0.0076;0.1118;0.1212;0.1263;0.1312;0.1419
beta[16,1];1;888;1.0009;0.6511;0.0004;0.0189;0.6133;0.6384;0.6517;0.664;0.6877
beta[16,2];636;1.0071;0.1253;0.0003;0.0084;0.1099;0.1194;0.1253;0.1307;0.1423
beta[16,3];1;650;1.0015;0.0987;0.0002;0.0065;0.0862;0.0945;0.0984;0.1029;0.112
beta[16,4];763;1.0035;0.1249;0.0003;0.0074;0.1106;0.1197;0.1248;0.1298;0.1399
beta[17,1];387;1.0011;0.6537;0.0008;0.0167;0.62;0.6427;0.6535;0.6656;0.6853
beta[17,2];680;1.0035;0.1247;0.0003;0.0073;0.1114;0.1199;0.1242;0.1295;0.1397
beta[17,3];287;1.0021;0.0983;0.0004;0.0061;0.0871;0.0939;0.0982;0.1024;0.1109
beta[17,4];330;1.0036;0.1233;0.0004;0.0068;0.1103;0.1183;0.1232;0.1281;0.1359
beta[18,1];386;1.0084;0.651;0.0011;0.0209;0.6055;0.6387;0.6508;0.6646;0.6916
beta[18,2];414;1.0138;0.1251;0.0004;0.0087;0.1087;0.1194;0.1246;0.1311;0.1425
beta[18,3];366;1.0051;0.0986;0.0004;0.007;0.0855;0.094;0.0983;0.1031;0.1137
beta[18,4];328;1.0069;0.1252;0.0004;0.0081;0.1097;0.1199;0.1251;0.1306;0.1421
beta[19,1];540;1.0042;0.6502;0.001;0.0229;0.6042;0.6356;0.6503;0.6653;0.6952
beta[19,2];640;1.0092;0.1254;0.0004;0.0094;0.1073;0.1193;0.1249;0.1313;0.1442
beta[19,3];708;1.0016;0.0987;0.0003;0.0073;0.0849;0.0936;0.0988;0.1037;0.113
beta[19,4];333;1.0055;0.1257;0.0005;0.0089;0.1085;0.1197;0.1254;0.1316;0.144
beta[20,1];294;1.0038;0.6503;0.0014;0.0246;0.6039;0.6337;0.6496;0.6665;0.6989
beta[20,2];550;1.0024;0.1251;0.0004;0.0097;0.1067;0.1186;0.1249;0.1315;0.1444
beta[20,3];304;1.0054;0.0988;0.0004;0.0078;0.0834;0.0936;0.099;0.1043;0.1136
beta[20,4];216;1.0074;0.1258;0.0006;0.0095;0.1065;0.1196;0.1259;0.1325;0.1434
beta[21,1];284;1.0018;0.6494;0.0015;0.0246;0.6038;0.634;0.6488;0.6652;0.6976
beta[21,2];478;1.0032;0.1253;0.0004;0.0097;0.1071;0.1189;0.1248;0.1316;0.1443
beta[21,3];297;1.0039;0.099;0.0004;0.0077;0.0833;0.094;0.0992;0.1042;0.1138
beta[21,4];206;1.005;0.1262;0.0007;0.0096;0.1069;0.1201;0.1265;0.1325;0.1446
beta[22,1];655;1.0047;0.6489;0.0009;0.022;0.6055;0.6349;0.648;0.664;0.6919
beta[22,2];1;308;1.0026;0.1253;0.0002;0.0089;0.1081;0.1194;0.1248;0.1312;0.1435
beta[22,3];521;1.0097;0.0992;0.0003;0.0071;0.0858;0.0944;0.0992;0.1041;0.1133
beta[22,4];325;1.0088;0.1266;0.0005;0.0086;0.1103;0.1209;0.1267;0.1326;0.1433
beta[23,1];850;1.0078;0.6476;0.0006;0.0189;0.6105;0.6349;0.6474;0.66;0.6849
beta[23,2];2;176;1.0052;0.1258;0.0002;0.0078;0.1101;0.1207;0.126;0.1304;0.1417
beta[23,3];359;1.0158;0.0995;0.0003;0.0064;0.0875;0.0948;0.0993;0.104;0.1122
beta[23,4];281;1.0134;0.1272;0.0005;0.0077;0.1125;0.1218;0.1273;0.1323;0.1418
beta[24,1];1;703;1.0024;0.6457;0.0003;0.0132;0.6198;0.637;0.6452;0.6546;0.6721
beta[24,2];2;269;1.004;0.1268;0.0001;0.0061;0.1148;0.1231;0.1266;0.1307;0.1391
beta[24,3];593;1.0086;0.1003;0.0002;0.0051;0.0907;0.0968;0.1001;0.104;0.1105
beta[24,4];475;1.0045;0.1272;0.0003;0.0059;0.1154;0.123;0.1272;0.1315;0.1386
beta[25,1];301;1.0102;0.6159;0.0006;0.0096;0.5976;0.6093;0.6163;0.6224;0.6342
beta[25,2];495;1.0128;0.137;0.0002;0.0049;0.1273;0.1337;0.1369;0.1403;0.1466
beta[25,3];247;1.0106;0.1063;0.0003;0.0044;0.0981;0.1033;0.1063;0.1093;0.1148
beta[25,4];213;1.0129;0.1408;0.0003;0.0051;0.1313;0.1373;0.1404;0.1441;0.1514
beta[26,1];283;1.0129;0.6275;0.0008;0.0136;0.601;0.6189;0.6273;0.6367;0.6541
beta[26,2];401;1.011;0.1326;0.0003;0.0062;0.1201;0.1285;0.1328;0.1368;0.1442
beta[26,3];222;1.0146;0.1045;0.0004;0.0053;0.0943;0.101;0.1042;0.1077;0.1157
beta[26,4];382;1.0093;0.1354;0.0003;0.0062;0.1235;0.1311;0.1353;0.1397;0.147
beta[27,1];1;278;1.0061;0.6331;0.0005;0.018;0.5987;0.621;0.6322;0.645;0.6694
beta[27,2];1;136;1.0065;0.1306;0.0002;0.0077;0.1151;0.1257;0.1305;0.1358;0.1454
beta[27,3];473;1.0093;0.1032;0.0003;0.0061;0.0907;0.099;0.1035;0.1075;0.115
beta[27,4];1;138;1.0044;0.1331;0.0002;0.0073;0.1185;0.1283;0.1333;0.1377;0.1474
beta[28,1];1;600;1.0041;0.6386;0.0005;0.02;0.5995;0.6253;0.6375;0.6517;0.6797
beta[28,2];1;318;1.0046;0.1286;0.0002;0.0083;0.1116;0.1233;0.1288;0.134;0.1448
beta[28,3];558;1.0064;0.1017;0.0003;0.0067;0.0887;0.0973;0.1016;0.1062;0.1148
beta[28,4];773;1.0055;0.1311;0.0003;0.0079;0.1155;0.1258;0.1311;0.1366;0.1467
beta[29,1];552;1.0057;0.6436;0.0009;0.0211;0.6032;0.6291;0.6435;0.6579;0.6851
beta[29,2];1;256;1.0041;0.1266;0.0002;0.0085;0.1094;0.1209;0.1268;0.1322;0.1431
beta[29,3];287;1.0089;0.1004;0.0004;0.0071;0.087;0.0956;0.0999;0.1053;0.1145
beta[29,4];488;1.0063;0.1294;0.0004;0.0082;0.1134;0.1239;0.1291;0.1351;0.1452
beta[30,1];499;1.0088;0.6494;0.0009;0.0199;0.6119;0.6358;0.6497;0.6629;0.6887
beta[30,2];1;977;1.0034;0.1244;0.0002;0.0081;0.1084;0.1191;0.1248;0.1295;0.14
beta[30,3];303;1.0108;0.0988;0.0004;0.0067;0.0861;0.0943;0.0985;0.1033;0.1114
beta[30,4];339;1.0119;0.1274;0.0004;0.0079;0.1121;0.1219;0.1271;0.1328;0.1424
beta[31,1];891;1.0018;0.6546;0.0005;0.0161;0.6235;0.6439;0.6542;0.6658;0.686
beta[31,2];912;1.0013;0.123;0.0002;0.0072;0.1091;0.1179;0.1228;0.128;0.1371
beta[31,3];439;1.0046;0.0977;0.0003;0.0059;0.086;0.0936;0.0975;0.1019;0.1093
beta[31,4];641;1.0037;0.1248;0.0003;0.0067;0.1117;0.1199;0.1248;0.1296;0.1379
beta[32,1];993;1.0058;0.6535;0.0006;0.019;0.6163;0.6403;0.6531;0.6667;0.6913
beta[32,2];1;286;1.0028;0.123;0.0002;0.008;0.1073;0.1175;0.1227;0.1283;0.1395
beta[32,3];555;1.0073;0.0974;0.0003;0.0066;0.0845;0.0931;0.0972;0.1018;0.1102
beta[32,4];459;1.0086;0.1261;0.0004;0.0077;0.1113;0.1207;0.1262;0.1315;0.141
beta[33,1];468;1.0076;0.6529;0.0009;0.0202;0.6146;0.6381;0.6524;0.6672;0.6923
beta[33,2];843;1.0037;0.1233;0.0003;0.0083;0.1071;0.1177;0.1233;0.1289;0.1399
beta[33,3];363;1.0091;0.0975;0.0004;0.0068;0.0841;0.093;0.0973;0.1021;0.1107
beta[33,4];322;1.0095;0.1263;0.0005;0.0081;0.1109;0.1205;0.1263;0.1321;0.1415
beta[34,1];293;1.0112;0.6529;0.0012;0.0201;0.6164;0.6389;0.6529;0.6665;0.6915
beta[34,2];600;1.0058;0.1235;0.0003;0.0082;0.1079;0.1177;0.1237;0.1291;0.1394
beta[34,3];281;1.0116;0.0973;0.0004;0.0068;0.0845;0.0928;0.0969;0.1015;0.1109
beta[34,4];214;1.0118;0.1263;0.0006;0.0082;0.1112;0.1208;0.1262;0.1319;0.1414
beta[35,1];380;1.003;0.6533;0.0009;0.0175;0.62;0.642;0.6527;0.6655;0.6864
beta[35,2];403;1.0022;0.1235;0.0004;0.0075;0.1098;0.1184;0.1233;0.1288;0.1382
beta[35,3];758;1.0057;0.0969;0.0002;0.006;0.0854;0.0927;0.0969;0.1011;0.1087
beta[35,4];244;1.0031;0.1262;0.0005;0.0073;0.1125;0.1213;0.1261;0.1311;0.1416
beta[36,1];166;1.0199;0.6551;0.0009;0.0113;0.634;0.648;0.6545;0.6614;0.6846
beta[36,2];238;1.0115;0.1238;0.0004;0.0056;0.1118;0.1204;0.1238;0.1275;0.1349
beta[36,3];397;1.0146;0.0965;0.0002;0.0046;0.0879;0.0931;0.0964;0.0998;0.1057
beta[36,4];175;1.0092;0.1246;0.0004;0.0056;0.111;0.1211;0.1249;0.1283;0.1348
beta[37,1];238;1.0132;0.6417;0.0009;0.0146;0.6137;0.6319;0.6411;0.6512;0.673
beta[37,2];292;1.0107;0.1281;0.0004;0.0066;0.1146;0.1237;0.1285;0.1324;0.1413
beta[37,3];414;1.0116;0.0997;0.0003;0.0054;0.0897;0.0959;0.0994;0.1034;0.1104
beta[37,4];205;1.0068;0.1305;0.0005;0.0065;0.1159;0.1263;0.1306;0.1347;0.1428
beta[38,1];495;1.0018;0.6201;0.0004;0.0099;0.6018;0.6129;0.6201;0.6269;0.6399
beta[38,2];1;903;1.0028;0.1359;0.0001;0.0055;0.1251;0.1323;0.136;0.1395;0.1467
beta[38,3];629;1.0026;0.1038;0.0002;0.0048;0.0942;0.1006;0.1037;0.107;0.1131
beta[38,4];337;1.002;0.1402;0.0003;0.0054;0.1302;0.1363;0.1401;0.1439;0.1507
beta[39,1];5;008;1.0011;0.6524;0.0003;0.0214;0.6099;0.6389;0.6518;0.6667;0.6949
beta[39,2];2;584;1.0046;0.1221;0.0003;0.015;0.0945;0.1121;0.1211;0.1317;0.1538
beta[39,3];2;058;1.0012;0.0908;0.0003;0.0131;0.0669;0.0814;0.0902;0.0993;0.1185
beta[39,4];545;1.0063;0.1347;0.0007;0.0157;0.1045;0.1239;0.1347;0.1445;0.1658